        Date  Open  High   Low  Close  Volume  Ex-Dividend  Split Ratio  \
0 1984-09-07  8.63  9.00  8.63   8.75  9100.0          0.0          1.0   
1 1984-09-10  8.75  8.75  8.75   8.75     0.0          0.0          1.0   
2 1984-09-11  8.88  8.88  8.88   8.88   100.0          0.0          1.0   
3 1984-09-12  8.88  8.88  8.75   8.75  1600.0          0.0          1.0   
4 1984-09-13  8.75  8.75  8.75   8.75     0.0          0.0          1.0   

   Adj. Open  Adj. High  Adj. Low  Adj. Close  Adj. Volume         ds  \
0   0.267890   0.279375  0.267890    0.271615     145600.0 1984-09-07   
1   0.271615   0.271615  0.271615    0.271615          0.0 1984-09-10   
2   0.275650   0.275650  0.275650    0.275650       1600.0 1984-09-11   
3   0.275650   0.275650  0.271615    0.271615      25600.0 1984-09-12   
4   0.271615   0.271615  0.271615    0.271615          0.0 1984-09-13   

          y  Daily Change  
0  0.271615      0.003725  
1  0.271615      0.000000  
2  0.275650      0.000000  
3  0.271615     -0.004035  
4  0.271615      0.000000  