        Date   Open   High     Low  Close     Volume  Ex-Dividend  \
0 2010-10-14  12.50  12.64  12.480  12.51  8250100.0          0.0   
1 2010-10-15  12.56  12.85  12.500  12.58  2384900.0          0.0   
2 2010-10-18  12.64  12.77  12.520  12.70   407600.0          0.0   
3 2010-10-19  12.70  12.70  12.500  12.53   575900.0          0.0   
4 2010-10-20  12.55  12.80  12.495  12.64  1259400.0          0.0   

   Split Ratio  Adj. Open  Adj. High  Adj. Low  Adj. Close  Adj. Volume  \
0          1.0   9.677405   9.785792  9.661921    9.685147    8250100.0   
1          1.0   9.723856   9.948372  9.677405    9.739340    2384900.0   
2          1.0   9.785792   9.886437  9.692888    9.832243     407600.0   
3          1.0   9.832243   9.832243  9.677405    9.700630     575900.0   
4          1.0   9.716114   9.909662  9.673534    9.785792    1259400.0   

          ds         y  Daily Change  
0 2010-10-14  9.685147      0.007742  
1 2010-10-15  9.739340      0.015484  
2 2010-10-18  9.832243      0.046452  
3 2010-10-19  9.700630     -0.131613  
4 2010-10-20  9.785792      0.069677  