(         Date     estimate     change        upper        lower
1  2018-03-28  1577.065947   2.974182  1597.109950  1554.598201
2  2018-03-29  1579.669256   2.603309  1600.320258  1559.473320
3  2018-03-30  1586.396412   6.727156  1607.967500  1565.486060
5  2018-04-01  1626.513875  40.117463  1646.882292  1605.433054
8  2018-04-04  1602.594174   1.152385  1625.573190  1580.036844
9  2018-04-05  1605.235273   2.641100  1627.478410  1583.869177
10 2018-04-06  1612.338805   7.103532  1635.803143  1590.215894
12 2018-04-08  1650.276017  37.937212  1673.622459  1628.405171
14 2018-04-10  1626.518012   1.672535  1650.993737  1604.468831
15 2018-04-11  1630.966435   4.448423  1656.301886  1606.358443
16 2018-04-12  1636.043334   5.076899  1660.768344  1612.280326
17 2018-04-13  1642.853409   6.810075  1666.749370  1617.837518
19 2018-04-15  1675.316733  32.463324  1703.544002  1648.953025
21 2018-04-17  1651.342573   2.420527  1679.336417  1622.176451
22 2018-04-18  1656.229197   4.886624  1684.324614  1627.644020
23 2018-04-19  1659.631398   3.402201  1690.795910  1631.570440
24 2018-04-20  1663.017303   3.385905  1691.466317  1632.365797
26 2018-04-22  1692.806289  29.788986  1724.086448  1661.937522
28 2018-04-24  1675.505346   6.073694  1708.579732  1640.026019
29 2018-04-25  1682.234509   6.729163  1716.708620  1649.647571
30 2018-04-26  1685.326471   3.091962  1722.333738  1650.887422
31 2018-04-27  1688.259134   2.932663  1726.037201  1649.776045
33 2018-04-29  1723.991234  35.732100  1765.556830  1686.431520
35 2018-05-01  1712.803211   7.780743  1753.946402  1669.425910
36 2018-05-02  1717.511870   4.708658  1763.741277  1672.912263
40 2018-05-06  1750.443006  34.449056  1800.135084  1700.181310
42 2018-05-08  1737.411015   6.318092  1791.741729  1685.925419
43 2018-05-09  1740.772508   3.361493  1799.032919  1685.312672
45 2018-05-11  1742.539943   2.240548  1805.302379  1679.962159
47 2018-05-13  1781.345436  38.805493  1842.643200  1713.363161
49 2018-05-15  1763.484049   3.194325  1835.290599  1690.229672
50 2018-05-16  1764.702058   1.218009  1836.191453  1690.552371
52 2018-05-18  1766.973857   2.869264  1850.009223  1688.259825
54 2018-05-20  1801.732661  34.758804  1885.294620  1714.839340
56 2018-05-22  1777.743308   1.058346  1863.786118  1686.577406
57 2018-05-23  1779.987227   2.243919  1867.600422  1683.406611
58 2018-05-24  1782.294413   2.307186  1878.084849  1687.329889
59 2018-05-25  1787.261805   4.967392  1882.144909  1685.926096
61 2018-05-27  1820.056613  32.794808  1925.285608  1712.742471
63 2018-05-29  1797.620554   3.167089  1902.107971  1689.151711
64 2018-05-30  1803.549180   5.928627  1914.932491  1690.624723
65 2018-05-31  1808.214363   4.665183  1923.615524  1688.226624
66 2018-06-01  1812.012290   3.797927  1934.820518  1687.146732
68 2018-06-03  1835.544806  23.532516  1962.031517  1709.468874
70 2018-06-05  1808.729930   2.004389  1937.546686  1679.165308
71 2018-06-06  1814.025879   5.295949  1955.727862  1677.072397
72 2018-06-07  1817.157241   3.131363  1952.437418  1674.455887
73 2018-06-08  1818.827714   1.670473  1955.360939  1676.079949
75 2018-06-10  1842.802129  23.974415  1993.090661  1693.465828
77 2018-06-12  1821.283809   4.265229  1975.290861  1667.058605
78 2018-06-13  1826.172289   4.888480  1985.330167  1671.022418
79 2018-06-14  1826.560001   0.387712  1990.570166  1676.526975
82 2018-06-17  1848.970821  23.608512  2024.356977  1686.394300
84 2018-06-19  1825.944385   2.435196  2009.266086  1653.560172
85 2018-06-20  1827.211513   1.267128  2015.001820  1646.723492
89 2018-06-24  1852.909001  29.689181  2056.149614  1658.923617
91 2018-06-26  1830.868037   1.867297  2049.342690  1622.798337
92 2018-06-27  1831.478169   0.610132  2042.713571  1621.705664
94 2018-06-29  1833.276124   2.821208  2055.367814  1621.426233
96 2018-07-01  1869.409104  36.132979  2100.698573  1642.803717,           Date     estimate     change        upper        lower
6   2018-04-02  1601.561128 -24.952748  1624.656080  1580.314524
7   2018-04-03  1601.441789  -0.119339  1623.505846  1578.908166
13  2018-04-09  1624.845477 -25.430540  1648.249389  1601.091375
20  2018-04-16  1648.922046 -26.394687  1674.743863  1619.762139
27  2018-04-23  1669.431651 -23.374638  1703.198976  1635.650704
34  2018-04-30  1705.022468 -18.968766  1744.626840  1663.926396
37  2018-05-03  1716.500805  -1.011065  1764.076210  1668.359701
38  2018-05-04  1715.993950  -0.506854  1763.773385  1672.316179
41  2018-05-07  1731.092923 -19.350083  1785.145367  1676.995303
44  2018-05-10  1740.299395  -0.473113  1798.305107  1678.384104
48  2018-05-14  1760.289724 -21.055712  1825.917885  1690.596400
51  2018-05-17  1764.104593  -0.597465  1835.825803  1688.430477
55  2018-05-21  1776.684962 -25.047699  1863.449443  1689.080348
62  2018-05-28  1794.453465 -25.603148  1899.948611  1687.210388
69  2018-06-04  1806.725541 -28.819266  1926.605331  1672.631168
76  2018-06-11  1817.018580 -25.783549  1965.750209  1663.577662
80  2018-06-15  1825.362309  -1.197692  1982.375588  1663.389224
83  2018-06-18  1823.509189 -25.461632  2002.658776  1652.529589
86  2018-06-21  1824.576187  -2.635325  2006.724876  1642.182370
87  2018-06-22  1823.219820  -1.356367  2017.024061  1634.067896
90  2018-06-25  1829.000739 -23.908261  2028.488054  1631.682165
93  2018-06-28  1830.454916  -1.023253  2051.409583  1615.506989
97  2018-07-02  1843.873840 -25.535263  2077.283947  1619.504279
98  2018-07-03  1842.201564  -1.672277  2079.603414  1611.628693
99  2018-07-04  1840.113386  -2.088177  2089.559252  1606.437428
100 2018-07-05  1838.696547  -1.416839  2084.983609  1608.050673)