        Date   Open   High    Low  Close     Volume  Ex-Dividend  Split Ratio  \
0 1997-05-16  22.38  23.75  20.50  20.75  1225000.0          0.0          1.0   
1 1997-05-19  20.50  21.25  19.50  20.50   508900.0          0.0          1.0   
2 1997-05-20  20.75  21.00  19.63  19.63   455600.0          0.0          1.0   
3 1997-05-21  19.25  19.75  16.50  17.13  1571100.0          0.0          1.0   
4 1997-05-22  17.25  17.38  15.75  16.75   981400.0          0.0          1.0   

   Adj. Open  Adj. High  Adj. Low  Adj. Close  Adj. Volume         ds  \
0   1.865000   1.979167  1.708333    1.729167   14700000.0 1997-05-16   
1   1.708333   1.770833  1.625000    1.708333    6106800.0 1997-05-19   
2   1.729167   1.750000  1.635833    1.635833    5467200.0 1997-05-20   
3   1.604167   1.645833  1.375000    1.427500   18853200.0 1997-05-21   
4   1.437500   1.448333  1.312500    1.395833   11776800.0 1997-05-22   

          y  Daily Change  
0  1.729167     -0.135833  
1  1.708333      0.000000  
2  1.635833     -0.093333  
3  1.427500     -0.176667  
4  1.395833     -0.041667  