        Date   Open   High   Low  Close     Volume  Ex-Dividend  Split Ratio  \
0 1986-03-13  25.50  29.25  25.5  28.00  3582600.0          0.0          1.0   
1 1986-03-14  28.00  29.50  28.0  29.00  1070000.0          0.0          1.0   
2 1986-03-17  29.00  29.75  29.0  29.50   462400.0          0.0          1.0   
3 1986-03-18  29.50  29.75  28.5  28.75   235300.0          0.0          1.0   
4 1986-03-19  28.75  29.00  28.0  28.25   166300.0          0.0          1.0   

   Adj. Open  Adj. High  Adj. Low  Adj. Close   Adj. Volume         ds  \
0   0.058941   0.067609  0.058941    0.064720  1.031789e+09 1986-03-13   
1   0.064720   0.068187  0.064720    0.067031  3.081600e+08 1986-03-14   
2   0.067031   0.068765  0.067031    0.068187  1.331712e+08 1986-03-17   
3   0.068187   0.068765  0.065876    0.066454  6.776640e+07 1986-03-18   
4   0.066454   0.067031  0.064720    0.065298  4.789440e+07 1986-03-19   

          y  Daily Change  
0  0.064720      0.005779  
1  0.067031      0.002311  
2  0.068187      0.001156  
3  0.066454     -0.001734  
4  0.065298     -0.001156  